[[1.86000000e+02 3.30000000e+01 2.80000000e+01 8.86667445e-01
  1.71708617e-01]
 [1.74000000e+02 1.40000000e+01 4.00000000e+00 7.44177188e-01
  4.81894659e-01]
 [1.55000000e+02 1.40000000e+01 1.60000000e+01 6.20495985e-01
  8.55432046e-01]
 [1.82000000e+02 1.50000000e+01 1.00000000e+00 6.15946094e-01
  7.79958243e-01]
 [1.62000000e+02 2.50000000e+01 2.70000000e+01 1.81125748e-01
  4.56119494e-01]
 [1.86000000e+02 3.30000000e+01 2.80000000e+01 8.86667445e-01
  1.71708617e-01]
 [1.86000000e+02 3.30000000e+01 2.80000000e+01 8.86667445e-01
  1.71708617e-01]
 [1.86000000e+02 3.30000000e+01 2.80000000e+01 8.98923146e-01
  1.71708617e-01]
 [1.74000000e+02 1.40000000e+01 4.00000000e+00 7.44177188e-01
  5.10836707e-01]
 [1.70000000e+02 1.40000000e+01 4.00000000e+00 6.76587887e-01
  4.81894659e-01]
 [1.74000000e+02 2.40000000e+01 4.00000000e+00 7.44177188e-01
  4.81894659e-01]
 [1.55000000e+02 1.80000000e+01 1.60000000e+01 6.20495985e-01
  8.55432046e-01]
 [1.55000000e+02 6.00000000e+00 1.60000000e+01 6.20495985e-01
  8.55432046e-01]
 [1.55000000e+02 1.40000000e+01 1.60000000e+01 6.20495985e-01
  8.55432046e-01]
 [1.82000000e+02 1.50000000e+01 1.00000000e+00 6.15946094e-01
  7.79958243e-01]
 [1.82000000e+02 1.70000000e+01 1.00000000e+00 6.15946094e-01
  7.79958243e-01]
 [1.82000000e+02 1.50000000e+01 1.00000000e+00 5.73511141e-01
  7.79958243e-01]
 [1.62000000e+02 2.50000000e+01 2.70000000e+01 1.81125748e-01
  5.00927901e-01]
 [1.62000000e+02 2.50000000e+01 2.70000000e+01 1.81125748e-01
  4.56119494e-01]
 [1.62000000e+02 2.50000000e+01 2.20000000e+01 1.81125748e-01
  4.56119494e-01]][-100000. -100000. -100000. -100000. -100000. -100000. -100000. -100000.
 -100000. -100000. -100000. -100000. -100000. -100000. -100000. -100000.
 -100000. -100000. -100000. -100000.][19 18  1  2  3  4  5  6  7  8  9 10 11 12 13 14 15 16 17  0]/n[[1.62000000e+02 2.50000000e+01 2.20000000e+01 1.81125748e-01
  4.56119494e-01]
 [1.62000000e+02 2.50000000e+01 2.70000000e+01 1.81125748e-01
  4.56119494e-01]
 [1.74000000e+02 1.40000000e+01 4.00000000e+00 7.44177188e-01
  4.81894659e-01]
 [1.55000000e+02 1.40000000e+01 1.60000000e+01 6.20495985e-01
  8.55432046e-01]
 [1.82000000e+02 1.50000000e+01 1.00000000e+00 6.15946094e-01
  7.79958243e-01]
 [1.62000000e+02 2.50000000e+01 2.20000000e+01 3.09345376e-01
  4.59283165e-01]
 [1.62000000e+02 2.50000000e+01 2.80000000e+01 2.09250134e-01
  4.56119494e-01]
 [1.56000000e+02 2.50000000e+01 2.20000000e+01 1.88202919e-01
  4.30161063e-01]
 [1.62000000e+02 2.50000000e+01 2.70000000e+01 1.81125748e-01
  4.56119494e-01]
 [1.62000000e+02 2.50000000e+01 2.70000000e+01 1.81125748e-01
  4.56119494e-01]
 [1.62000000e+02 2.50000000e+01 4.10000000e+01 1.81125748e-01
  4.99032766e-01]
 [1.74000000e+02 1.40000000e+01 4.00000000e+00 7.01726507e-01
  4.81894659e-01]
 [1.74000000e+02 1.40000000e+01 4.00000000e+00 7.44177188e-01
  6.38654369e-01]
 [1.74000000e+02 1.40000000e+01 4.00000000e+00 7.44177188e-01
  4.81894659e-01]
 [1.55000000e+02 1.40000000e+01 1.60000000e+01 6.20495985e-01
  8.55432046e-01]
 [1.55000000e+02 1.40000000e+01 1.60000000e+01 6.20495985e-01
  8.55432046e-01]
 [1.55000000e+02 1.40000000e+01 1.60000000e+01 6.20495985e-01
  8.55432046e-01]
 [1.94000000e+02 1.50000000e+01 1.00000000e+00 6.20616710e-01
  7.79958243e-01]
 [1.82000000e+02 2.10000000e+01 1.00000000e+00 6.15946094e-01
  7.79958243e-01]
 [1.81000000e+02 1.50000000e+01 1.00000000e+00 6.15946094e-01
  7.79958243e-01]][-100000. -100000. -100000. -100000. -100000. -100000. -100000. -100000.
 -100000. -100000. -100000. -100000. -100000. -100000. -100000. -100000.
 -100000. -100000. -100000. -100000.][19 18  1  2  3  4  5  6  7  8  9 10 11 12 13 14 15 16 17  0]/n[[1.81000000e+02 1.50000000e+01 1.00000000e+00 6.15946094e-01
  7.79958243e-01]
 [1.82000000e+02 2.10000000e+01 1.00000000e+00 6.15946094e-01
  7.79958243e-01]
 [1.62000000e+02 2.50000000e+01 2.70000000e+01 1.81125748e-01
  4.56119494e-01]
 [1.74000000e+02 1.40000000e+01 4.00000000e+00 7.44177188e-01
  4.81894659e-01]
 [1.55000000e+02 1.40000000e+01 1.60000000e+01 6.20495985e-01
  8.55432046e-01]
 [1.81000000e+02 1.70000000e+01 1.00000000e+00 7.02080672e-01
  7.79958243e-01]
 [1.81000000e+02 2.00000000e+00 1.00000000e+00 6.15946094e-01
  7.79958243e-01]
 [1.81000000e+02 1.50000000e+01 1.00000000e+00 6.15946094e-01
  7.10841406e-01]
 [1.82000000e+02 2.10000000e+01 1.00000000e+00 6.15946094e-01
  7.79958243e-01]
 [1.82000000e+02 2.10000000e+01 1.00000000e+00 5.70368514e-01
  7.78873202e-01]
 [1.82000000e+02 2.10000000e+01 1.00000000e+00 6.15946094e-01
  7.79958243e-01]
 [1.62000000e+02 2.80000000e+01 2.70000000e+01 1.78828549e-01
  4.56119494e-01]
 [1.62000000e+02 2.50000000e+01 2.70000000e+01 1.81125748e-01
  4.56119494e-01]
 [1.62000000e+02 3.20000000e+01 2.70000000e+01 1.81125748e-01
  4.56119494e-01]
 [1.74000000e+02 1.40000000e+01 4.00000000e+00 7.44177188e-01
  4.81894659e-01]
 [1.74000000e+02 1.10000000e+01 4.00000000e+00 7.44177188e-01
  5.05616401e-01]
 [1.74000000e+02 1.40000000e+01 6.00000000e+00 7.44177188e-01
  4.50976925e-01]
 [1.55000000e+02 1.40000000e+01 1.60000000e+01 6.20495985e-01
  8.55432046e-01]
 [1.55000000e+02 1.40000000e+01 1.60000000e+01 5.65315955e-01
  8.55432046e-01]
 [1.55000000e+02 1.40000000e+01 1.60000000e+01 6.20495985e-01
  8.55432046e-01]][-100000. -100000. -100000. -100000. -100000. -100000. -100000. -100000.
 -100000. -100000. -100000. -100000. -100000. -100000. -100000. -100000.
 -100000. -100000. -100000. -312675.][19 18  1  2  3  4  5  7  8  9 10 11 12 13 14 15 16 17  0  6]/n[[1.55000000e+02 1.40000000e+01 1.60000000e+01 6.20495985e-01
  8.55432046e-01]
 [1.55000000e+02 1.40000000e+01 1.60000000e+01 5.65315955e-01
  8.55432046e-01]
 [1.82000000e+02 2.10000000e+01 1.00000000e+00 6.15946094e-01
  7.79958243e-01]
 [1.62000000e+02 2.50000000e+01 2.70000000e+01 1.81125748e-01
  4.56119494e-01]
 [1.74000000e+02 1.40000000e+01 4.00000000e+00 7.44177188e-01
  4.81894659e-01]
 [1.55000000e+02 1.00000000e+00 1.60000000e+01 6.20495985e-01
  8.55432046e-01]
 [1.55000000e+02 1.40000000e+01 1.60000000e+01 6.20495985e-01
  8.55432046e-01]
 [1.55000000e+02 1.40000000e+01 1.60000000e+01 6.20495985e-01
  8.55432046e-01]
 [1.55000000e+02 1.40000000e+01 1.60000000e+01 5.65315955e-01
  8.55432046e-01]
 [1.55000000e+02 1.40000000e+01 1.60000000e+01 5.65315955e-01
  8.55432046e-01]
 [1.55000000e+02 1.40000000e+01 1.60000000e+01 5.65315955e-01
  8.55432046e-01]
 [1.82000000e+02 2.10000000e+01 1.00000000e+00 5.94076111e-01
  7.60792877e-01]
 [1.82000000e+02 2.10000000e+01 1.00000000e+00 6.35388592e-01
  7.79958243e-01]
 [1.82000000e+02 2.60000000e+01 1.00000000e+00 6.15946094e-01
  7.79958243e-01]
 [1.60000000e+02 2.50000000e+01 2.70000000e+01 1.81125748e-01
  4.56119494e-01]
 [1.62000000e+02 2.50000000e+01 2.70000000e+01 1.81125748e-01
  4.56119494e-01]
 [1.62000000e+02 2.50000000e+01 2.70000000e+01 1.81125748e-01
  3.45515406e-01]
 [1.74000000e+02 1.40000000e+01 4.00000000e+00 7.44177188e-01
  4.81894659e-01]
 [1.74000000e+02 1.40000000e+01 9.00000000e+00 7.44177188e-01
  4.81894659e-01]
 [1.74000000e+02 1.40000000e+01 4.00000000e+00 6.97523541e-01
  4.81894659e-01]][-100000. -100000. -100000. -100000. -100000. -100000. -100000. -100000.
 -100000. -100000. -100000. -100000. -100000. -100000. -100000. -100000.
 -100000. -100000. -100000. -431310.][19 18  1  2  3  4  6  7  8  9 10 11 12 13 14 15 16 17  0  5]/n[[1.74000000e+02 1.40000000e+01 4.00000000e+00 6.97523541e-01
  4.81894659e-01]
 [1.74000000e+02 1.40000000e+01 9.00000000e+00 7.44177188e-01
  4.81894659e-01]
 [1.55000000e+02 1.40000000e+01 1.60000000e+01 5.65315955e-01
  8.55432046e-01]
 [1.82000000e+02 2.10000000e+01 1.00000000e+00 6.15946094e-01
  7.79958243e-01]
 [1.62000000e+02 2.50000000e+01 2.70000000e+01 1.81125748e-01
  4.56119494e-01]
 [1.74000000e+02 1.40000000e+01 4.00000000e+00 6.60978947e-01
  4.81894659e-01]
 [1.74000000e+02 1.40000000e+01 4.00000000e+00 7.18725721e-01
  4.81894659e-01]
 [1.74000000e+02 1.40000000e+01 4.00000000e+00 6.97523541e-01
  4.81894659e-01]
 [1.74000000e+02 1.40000000e+01 5.00000000e+00 7.44177188e-01
  4.81894659e-01]
 [1.74000000e+02 1.40000000e+01 9.00000000e+00 7.44177188e-01
  4.81894659e-01]
 [1.67000000e+02 1.40000000e+01 9.00000000e+00 7.37668669e-01
  4.81894659e-01]
 [1.55000000e+02 1.30000000e+01 1.60000000e+01 4.67226921e-01
  8.55432046e-01]
 [1.55000000e+02 1.40000000e+01 1.60000000e+01 5.65315955e-01
  8.55432046e-01]
 [1.55000000e+02 1.40000000e+01 1.60000000e+01 5.65315955e-01
  8.46375691e-01]
 [1.82000000e+02 2.10000000e+01 1.00000000e+00 5.33069939e-01
  7.79958243e-01]
 [1.82000000e+02 2.10000000e+01 8.00000000e+00 6.15946094e-01
  6.69216993e-01]
 [1.74000000e+02 2.10000000e+01 1.00000000e+00 6.15946094e-01
  7.79958243e-01]
 [1.56000000e+02 2.50000000e+01 2.70000000e+01 1.38243304e-01
  4.81969133e-01]
 [1.62000000e+02 2.50000000e+01 2.70000000e+01 1.98447700e-01
  3.72940901e-01]
 [1.62000000e+02 2.50000000e+01 2.70000000e+01 1.81125748e-01
  5.00139420e-01]][-100000. -100000. -100000. -100000. -100000. -100000. -100000. -100000.
 -100000. -100000. -100000. -100000. -100000. -100000. -100000. -100000.
 -100000. -100000. -100000. -100000.][19 18  1  2  3  4  5  6  7  8  9 10 11 12 13 14 15 16 17  0]/n[[1.62000000e+02 2.50000000e+01 2.70000000e+01 1.81125748e-01
  5.00139420e-01]
 [1.62000000e+02 2.50000000e+01 2.70000000e+01 1.98447700e-01
  3.72940901e-01]
 [1.74000000e+02 1.40000000e+01 9.00000000e+00 7.44177188e-01
  4.81894659e-01]
 [1.55000000e+02 1.40000000e+01 1.60000000e+01 5.65315955e-01
  8.55432046e-01]
 [1.82000000e+02 2.10000000e+01 1.00000000e+00 6.15946094e-01
  7.79958243e-01]
 [1.62000000e+02 2.50000000e+01 2.70000000e+01 1.81125748e-01
  5.00139420e-01]
 [1.43000000e+02 2.50000000e+01 2.70000000e+01 1.81125748e-01
  5.00139420e-01]
 [1.62000000e+02 2.50000000e+01 2.70000000e+01 1.81125748e-01
  5.00139420e-01]
 [1.62000000e+02 2.50000000e+01 2.70000000e+01 1.98447700e-01
  3.91232405e-01]
 [1.62000000e+02 2.50000000e+01 2.70000000e+01 1.98447700e-01
  3.72940901e-01]
 [1.64000000e+02 2.50000000e+01 2.70000000e+01 1.98447700e-01
  3.72940901e-01]
 [1.74000000e+02 1.60000000e+01 7.00000000e+00 7.44177188e-01
  4.81894659e-01]
 [1.74000000e+02 1.40000000e+01 9.00000000e+00 7.44177188e-01
  4.24644515e-01]
 [1.74000000e+02 1.40000000e+01 9.00000000e+00 7.44177188e-01
  4.81894659e-01]
 [1.55000000e+02 1.40000000e+01 1.60000000e+01 5.43715566e-01
  8.55432046e-01]
 [1.55000000e+02 1.40000000e+01 1.60000000e+01 5.65315955e-01
  8.55432046e-01]
 [1.55000000e+02 1.40000000e+01 1.60000000e+01 5.65315955e-01
  8.55432046e-01]
 [1.82000000e+02 2.10000000e+01 1.00000000e+00 6.15946094e-01
  7.79958243e-01]
 [1.82000000e+02 2.10000000e+01 1.00000000e+00 5.79324195e-01
  7.79958243e-01]
 [1.82000000e+02 2.10000000e+01 1.00000000e+00 6.15946094e-01
  7.79958243e-01]][-100000. -100000. -100000. -100000. -100000. -100000. -100000. -100000.
 -100000. -100000. -100000. -100000. -100000. -100000. -100000. -100000.
 -100000. -100000. -100000. -100000.][19 18  1  2  3  4  5  6  7  8  9 10 11 12 13 14 15 16 17  0]/n[[182.          21.           1.           0.61594609   0.77995824]
 [182.          21.           1.           0.57932419   0.77995824]
 [162.          25.          27.           0.1984477    0.3729409 ]
 [174.          14.           9.           0.74417719   0.48189466]
 [155.          14.          16.           0.56531596   0.85543205]
 [190.          21.           1.           0.61594609   0.77995824]
 [182.          21.           1.           0.58745474   0.77995824]
 [182.          21.           1.           0.61594609   0.77995824]
 [182.          25.           1.           0.57932419   0.77995824]
 [182.          21.           1.           0.57932419   0.80643387]
 [191.          21.           1.           0.57932419   0.77995824]
 [162.          25.          27.           0.1984477    0.3729409 ]
 [162.          25.          27.           0.1984477    0.3729409 ]
 [162.          25.          27.           0.1984477    0.3729409 ]
 [168.          14.           9.           0.74417719   0.48189466]
 [174.          14.           9.           0.74417719   0.48189466]
 [174.          14.           9.           0.80864634   0.48189466]
 [155.          14.          16.           0.56531596   0.85543205]
 [155.          14.          16.           0.56531596   0.85543205]
 [155.          14.          16.           0.56531596   0.85543205]][-100000. -100000. -100000. -100000. -100000. -100000. -100000. -100000.
 -100000. -100000. -100000. -100000. -100000. -100000. -100000. -100000.
 -100000. -100000. -100000. -100000.][19 18  1  2  3  4  5  6  7  8  9 10 11 12 13 14 15 16 17  0]/n[[155.          14.          16.           0.56531596   0.85543205]
 [155.          14.          16.           0.56531596   0.85543205]
 [182.          21.           1.           0.57932419   0.77995824]
 [162.          25.          27.           0.1984477    0.3729409 ]
 [174.          14.           9.           0.74417719   0.48189466]
 [155.          14.          17.           0.56531596   0.85543205]
 [155.          14.           7.           0.56531596   0.85543205]
 [155.          14.          16.           0.54991369   0.85543205]
 [155.          14.          16.           0.56531596   0.85543205]
 [155.          14.          16.           0.54677732   0.85543205]
 [146.          14.          15.           0.56531596   0.85543205]
 [182.          21.           1.           0.58200247   0.77995824]
 [182.          21.           1.           0.57932419   0.77995824]
 [182.          21.           1.           0.57932419   0.77995824]
 [162.          25.          27.           0.1984477    0.3729409 ]
 [162.          23.          27.           0.1984477    0.3729409 ]
 [162.          25.          27.           0.1984477    0.3729409 ]
 [174.          14.           3.           0.71953204   0.48189466]
 [174.          14.           9.           0.74417719   0.48189466]
 [174.          14.           9.           0.74417719   0.48189466]][-100000. -100000. -100000. -100000. -100000. -100000. -100000. -100000.
 -100000. -100000. -100000. -100000. -100000. -100000. -100000. -100000.
 -100000. -100000. -100000. -100000.][19 18  1  2  3  4  5  6  7  8  9 10 11 12 13 14 15 16 17  0]/n[[174.          14.           9.           0.74417719   0.48189466]
 [174.          14.           9.           0.74417719   0.48189466]
 [155.          14.          16.           0.56531596   0.85543205]
 [182.          21.           1.           0.57932419   0.77995824]
 [162.          25.          27.           0.1984477    0.3729409 ]
 [174.          14.           9.           0.74417719   0.48189466]
 [163.          14.          15.           0.74417719   0.47183725]
 [174.          14.          11.           0.74417719   0.48189466]
 [184.          14.           9.           0.74417719   0.48189466]
 [174.          17.           9.           0.74417719   0.48189466]
 [174.          19.           9.           0.69973619   0.48189466]
 [155.          14.          16.           0.57714767   0.85543205]
 [164.          12.          16.           0.56531596   0.85543205]
 [155.          14.          16.           0.56531596   0.85543205]
 [182.          21.           1.           0.57932419   0.77995824]
 [182.          21.           1.           0.57932419   0.77995824]
 [182.          21.           1.           0.57932419   0.77995824]
 [157.          25.          27.           0.1984477    0.3729409 ]
 [162.          25.          27.           0.31206556   0.42127427]
 [162.          34.          27.           0.1984477    0.3729409 ]][-100000. -100000. -100000. -100000. -100000. -100000. -100000. -100000.
 -100000. -100000. -100000. -100000. -100000. -100000. -100000. -100000.
 -100000. -100000. -100000. -100000.][19 18  1  2  3  4  5  6  7  8  9 10 11 12 13 14 15 16 17  0]/n[[1.62000000e+02 3.40000000e+01 2.70000000e+01 1.98447700e-01
  3.72940901e-01]
 [1.62000000e+02 2.50000000e+01 2.70000000e+01 3.12065556e-01
  4.21274271e-01]
 [1.74000000e+02 1.40000000e+01 9.00000000e+00 7.44177188e-01
  4.81894659e-01]
 [1.55000000e+02 1.40000000e+01 1.60000000e+01 5.65315955e-01
  8.55432046e-01]
 [1.82000000e+02 2.10000000e+01 1.00000000e+00 5.79324195e-01
  7.79958243e-01]
 [1.62000000e+02 3.40000000e+01 2.70000000e+01 2.89265608e-01
  3.72940901e-01]
 [1.63000000e+02 3.40000000e+01 2.70000000e+01 1.98447700e-01
  3.72940901e-01]
 [1.62000000e+02 3.40000000e+01 2.70000000e+01 1.91478166e-01
  4.41381008e-01]
 [1.62000000e+02 2.50000000e+01 2.70000000e+01 3.12065556e-01
  4.21274271e-01]
 [1.62000000e+02 2.50000000e+01 2.70000000e+01 2.91204424e-01
  4.21274271e-01]
 [1.62000000e+02 2.50000000e+01 2.70000000e+01 3.12065556e-01
  4.21274271e-01]
 [1.74000000e+02 1.40000000e+01 9.00000000e+00 7.44177188e-01
  4.81894659e-01]
 [1.74000000e+02 1.40000000e+01 9.00000000e+00 7.44177188e-01
  4.81894659e-01]
 [1.74000000e+02 1.90000000e+01 9.00000000e+00 7.44177188e-01
  4.81894659e-01]
 [1.55000000e+02 1.40000000e+01 1.60000000e+01 5.65315955e-01
  8.21634831e-01]
 [1.55000000e+02 1.40000000e+01 1.60000000e+01 5.22874892e-01
  8.54078554e-01]
 [1.63000000e+02 1.40000000e+01 1.60000000e+01 5.65315955e-01
  8.55432046e-01]
 [2.00000000e+02 2.10000000e+01 3.00000000e+00 5.79324195e-01
  7.79958243e-01]
 [1.82000000e+02 2.10000000e+01 1.00000000e+00 5.79324195e-01
  7.92864468e-01]
 [1.82000000e+02 2.10000000e+01 1.00000000e+00 5.79324195e-01
  7.79958243e-01]][-100000. -100000. -100000. -100000. -100000. -100000. -100000. -100000.
 -100000. -100000. -100000. -100000. -100000. -100000. -100000. -100000.
 -100000. -100000. -100000. -100000.][19 18  1  2  3  4  5  6  7  8  9 10 11 12 13 14 15 16 17  0]/n[[182.          21.           1.           0.57932419   0.77995824]
 [182.          21.           1.           0.57932419   0.79286447]
 [162.          25.          27.           0.31206556   0.42127427]
 [174.          14.           9.           0.74417719   0.48189466]
 [155.          14.          16.           0.56531596   0.85543205]
 [182.          21.           7.           0.57932419   0.77995824]
 [182.          21.           1.           0.57932419   0.77995824]
 [182.          21.           1.           0.5725747    0.77995824]
 [182.          25.           1.           0.57932419   0.79286447]
 [182.          21.           1.           0.57932419   0.79286447]
 [182.          21.           1.           0.57932419   0.74792563]
 [162.          25.          27.           0.31206556   0.42127427]
 [162.          25.          23.           0.3099098    0.42127427]
 [162.          25.          27.           0.31206556   0.42127427]
 [174.          14.           9.           0.70583499   0.48189466]
 [174.          14.           9.           0.74417719   0.52829238]
 [172.          14.           9.           0.74417719   0.48189466]
 [155.          10.          16.           0.56531596   0.85543205]
 [155.          14.          16.           0.56531596   0.85543205]
 [155.          11.          16.           0.56531596   0.80336951]][-100000. -100000. -100000. -100000. -100000. -100000. -100000. -100000.
 -100000. -100000. -100000. -100000. -100000. -100000. -100000. -100000.
 -100000. -100000. -100000. -100000.][19 18  1  2  3  4  5  6  7  8  9 10 11 12 13 14 15 16 17  0]/n[[155.          11.          16.           0.56531596   0.80336951]
 [155.          14.          16.           0.56531596   0.85543205]
 [182.          21.           1.           0.57932419   0.79286447]
 [162.          25.          27.           0.31206556   0.42127427]
 [174.          14.           9.           0.74417719   0.48189466]
 [155.          11.          16.           0.56531596   0.80336951]
 [155.          11.          22.           0.56531596   0.80336951]
 [157.          11.          16.           0.56531596   0.80336951]
 [155.          23.           8.           0.53012122   0.83947386]
 [155.          14.          16.           0.56531596   0.85543205]
 [136.          20.          16.           0.56531596   0.85543205]
 [182.          21.           1.           0.6213819    0.79286447]
 [182.          21.           1.           0.57932419   0.79286447]
 [182.          21.           1.           0.57932419   0.79286447]
 [162.          25.          32.           0.31206556   0.42127427]
 [162.          25.          27.           0.3316422    0.42127427]
 [167.          25.          32.           0.31206556   0.42127427]
 [174.          14.           9.           0.74417719   0.48554779]
 [174.          14.           9.           0.74417719   0.48189466]
 [174.          14.           9.           0.74417719   0.48189466]][-100000. -100000. -100000. -100000. -100000. -100000. -100000. -100000.
 -100000. -100000. -100000. -100000. -100000. -100000. -100000. -100000.
 -100000. -100000. -100000. -100000.][19 18  1  2  3  4  5  6  7  8  9 10 11 12 13 14 15 16 17  0]/n[[174.          14.           9.           0.74417719   0.48189466]
 [174.          14.           9.           0.74417719   0.48189466]
 [155.          14.          16.           0.56531596   0.85543205]
 [182.          21.           1.           0.57932419   0.79286447]
 [162.          25.          27.           0.31206556   0.42127427]
 [174.           6.           9.           0.74417719   0.48189466]
 [174.          14.           9.           0.74417719   0.48189466]
 [174.          14.          14.           0.74417719   0.48189466]
 [174.          14.           9.           0.74417719   0.48189466]
 [168.          14.           9.           0.70124599   0.48189466]
 [174.          13.           9.           0.74417719   0.48189466]
 [155.          14.          16.           0.56531596   0.88723139]
 [155.          16.          13.           0.56531596   0.85543205]
 [155.          14.          16.           0.52443971   0.85543205]
 [182.          21.           1.           0.57932419   0.79286447]
 [182.          21.           1.           0.57932419   0.79286447]
 [182.          31.           1.           0.57932419   0.79286447]
 [162.          25.          27.           0.31206556   0.42127427]
 [162.          25.          20.           0.31206556   0.40551798]
 [162.          25.          27.           0.30529146   0.42127427]][-100000. -100000. -100000. -100000. -100000. -100000. -100000. -100000.
 -100000. -100000. -100000. -100000. -100000. -100000. -100000. -100000.
 -100000. -100000. -100000. -100000.][19 18  1  2  3  4  5  6  7  8  9 10 11 12 13 14 15 16 17  0]/n[[162.          25.          27.           0.30529146   0.42127427]
 [162.          25.          20.           0.31206556   0.40551798]
 [174.          14.           9.           0.74417719   0.48189466]
 [155.          14.          16.           0.56531596   0.85543205]
 [182.          21.           1.           0.57932419   0.79286447]
 [162.          25.          27.           0.30529146   0.42127427]
 [162.          25.          27.           0.30529146   0.40165744]
 [161.          25.          27.           0.28179054   0.42127427]
 [162.          25.          20.           0.31206556   0.40551798]
 [162.          25.          20.           0.2514631    0.40551798]
 [162.          25.          20.           0.31206556   0.40551798]
 [174.          14.           9.           0.73802008   0.48189466]
 [184.          14.           9.           0.74417719   0.48189466]
 [165.          14.           9.           0.74417719   0.48189466]
 [155.          14.          16.           0.56531596   0.93096508]
 [155.          15.          16.           0.56531596   0.85543205]
 [155.          14.          16.           0.56921208   0.85543205]
 [182.          26.           1.           0.57932419   0.74962211]
 [182.          21.           1.           0.57932419   0.79286447]
 [182.          22.           5.           0.5270676    0.79286447]][-100000. -100000. -100000. -100000. -100000. -100000. -100000. -100000.
 -100000. -100000. -100000. -100000. -100000. -100000. -100000. -100000.
 -100000. -100000. -100000. -100000.][19 18  1  2  3  4  5  6  7  8  9 10 11 12 13 14 15 16 17  0]/n[[182.          22.           5.           0.5270676    0.79286447]
 [182.          21.           1.           0.57932419   0.79286447]
 [162.          25.          20.           0.31206556   0.40551798]
 [174.          14.           9.           0.74417719   0.48189466]
 [155.          14.          16.           0.56531596   0.85543205]
 [182.          22.           5.           0.45968488   0.73519812]
 [182.          22.           5.           0.5270676    0.85665816]
 [182.          24.           5.           0.47412124   0.79286447]
 [182.          21.           1.           0.57932419   0.79286447]
 [182.          26.           1.           0.54053649   0.79286447]
 [182.          21.           1.           0.57932419   0.79286447]
 [157.          25.          20.           0.31206556   0.40551798]
 [162.          25.          20.           0.31206556   0.40551798]
 [162.          30.          20.           0.31206556   0.40551798]
 [174.          14.           9.           0.74417719   0.48189466]
 [174.          14.           9.           0.74103892   0.48189466]
 [174.          14.          12.           0.74417719   0.48189466]
 [170.          14.          16.           0.56531596   0.85543205]
 [155.          14.          16.           0.56531596   0.82135503]
 [155.          14.          16.           0.50750566   0.85543205]][-100000. -100000. -100000. -100000. -100000. -100000. -100000. -100000.
 -100000. -100000. -100000. -100000. -100000. -100000. -100000. -100000.
 -100000. -100000. -100000. -100000.][19 18  1  2  3  4  5  6  7  8  9 10 11 12 13 14 15 16 17  0]/n[[155.          14.          16.           0.50750566   0.85543205]
 [155.          14.          16.           0.56531596   0.82135503]
 [182.          21.           1.           0.57932419   0.79286447]
 [162.          25.          20.           0.31206556   0.40551798]
 [174.          14.           9.           0.74417719   0.48189466]
 [155.          14.          16.           0.50750566   0.85543205]
 [155.          14.          16.           0.50750566   0.85955787]
 [155.          17.          16.           0.50750566   0.85543205]
 [155.          14.          16.           0.56531596   0.82135503]
 [155.          14.          16.           0.52395429   0.82135503]
 [155.          14.          16.           0.56531596   0.72488817]
 [182.          21.           1.           0.51000431   0.79286447]
 [182.          21.           1.           0.57932419   0.71461121]
 [182.          21.           1.           0.57932419   0.71835793]
 [162.          25.          23.           0.31206556   0.40551798]
 [162.          25.          20.           0.31206556   0.31357352]
 [162.          24.          20.           0.31206556   0.40551798]
 [174.          14.           9.           0.74417719   0.48189466]
 [174.          14.           9.           0.68546816   0.48189466]
 [174.          17.           9.           0.74417719   0.48189466]][-100000. -100000. -100000. -100000. -100000. -100000. -100000. -100000.
 -100000. -100000. -100000. -100000. -100000. -100000. -100000. -100000.
 -100000. -100000. -100000. -100000.][19 18  1  2  3  4  5  6  7  8  9 10 11 12 13 14 15 16 17  0]/n[[174.          17.           9.           0.74417719   0.48189466]
 [174.          14.           9.           0.68546816   0.48189466]
 [155.          14.          16.           0.56531596   0.82135503]
 [182.          21.           1.           0.57932419   0.79286447]
 [162.          25.          20.           0.31206556   0.40551798]
 [166.          19.           9.           0.74417719   0.48189466]
 [174.          17.           9.           0.82996928   0.43895397]
 [171.          17.          11.           0.74417719   0.48189466]
 [174.          14.           9.           0.68546816   0.48189466]
 [174.           7.           9.           0.68546816   0.48189466]
 [171.          14.           9.           0.68546816   0.48189466]
 [164.          14.          16.           0.56531596   0.82135503]
 [155.          14.          16.           0.56531596   0.82135503]
 [155.          15.          19.           0.49142479   0.82135503]
 [182.          21.           1.           0.57932419   0.79286447]
 [182.          21.           4.           0.55917033   0.79286447]
 [182.          21.           1.           0.57932419   0.79286447]
 [162.          25.          20.           0.31206556   0.40551798]
 [162.          25.          20.           0.31206556   0.4032369 ]
 [167.          30.          20.           0.31206556   0.46915333]][-100000. -100000. -100000. -100000. -100000. -100000. -100000. -100000.
 -100000. -100000. -100000. -100000. -100000. -100000. -100000. -100000.
 -100000. -100000. -100000. -100000.][19 18  1  2  3  4  5  6  7  8  9 10 11 12 13 14 15 16 17  0]/n[[167.          30.          20.           0.31206556   0.46915333]
 [162.          25.          20.           0.31206556   0.4032369 ]
 [174.          14.           9.           0.68546816   0.48189466]
 [155.          14.          16.           0.56531596   0.82135503]
 [182.          21.           1.           0.57932419   0.79286447]
 [167.          31.          20.           0.31206556   0.54437353]
 [167.          30.          20.           0.31206556   0.46915333]
 [167.          30.          20.           0.31206556   0.46915333]
 [162.          25.          15.           0.31206556   0.4032369 ]
 [162.          25.          20.           0.31206556   0.38958099]
 [162.          25.          20.           0.31206556   0.3947285 ]
 [173.          14.           9.           0.68546816   0.4938038 ]
 [171.          18.           9.           0.65313165   0.48189466]
 [174.          14.           9.           0.5758663    0.48189466]
 [155.          14.          16.           0.56531596   0.82135503]
 [155.          14.          16.           0.56531596   0.82135503]
 [155.          14.          16.           0.56531596   0.82005903]
 [182.          21.           1.           0.57932419   0.79286447]
 [182.          21.           1.           0.57932419   0.79286447]
 [182.          21.           1.           0.57932419   0.72766927]][-100000. -100000. -100000. -100000. -100000. -100000. -100000. -100000.
 -100000. -100000. -100000. -100000. -100000. -100000. -100000. -100000.
 -100000. -100000. -100000. -100000.][19 18  1  2  3  4  5  6  7  8  9 10 11 12 13 14 15 16 17  0]/n[[182.          21.           1.           0.57932419   0.72766927]
 [182.          21.           1.           0.57932419   0.79286447]
 [162.          25.          20.           0.31206556   0.4032369 ]
 [174.          14.           9.           0.68546816   0.48189466]
 [155.          14.          16.           0.56531596   0.82135503]
 [182.          21.           1.           0.57932419   0.72766927]
 [182.          21.           1.           0.60916896   0.72766927]
 [182.          21.           1.           0.57932419   0.72766927]
 [168.          21.           1.           0.57932419   0.79286447]
 [182.          21.           1.           0.57932419   0.79286447]
 [182.          21.           1.           0.57932419   0.79286447]
 [162.          25.          20.           0.31206556   0.4032369 ]
 [162.          25.          20.           0.31206556   0.4032369 ]
 [162.          25.          20.           0.31206556   0.4032369 ]
 [174.          15.           9.           0.57876611   0.48189466]
 [174.          14.           9.           0.68546816   0.50301259]
 [174.          14.           9.           0.68546816   0.48189466]
 [155.          14.          16.           0.56531596   0.82135503]
 [155.          14.          16.           0.56531596   0.86608264]
 [155.          14.          16.           0.56531596   0.67564438]][-100000. -100000. -100000. -100000. -100000. -100000. -100000. -100000.
 -100000. -100000. -100000. -100000. -100000. -100000. -100000. -100000.
 -100000. -100000. -100000. -100000.][19 18  1  2  3  4  5  6  7  8  9 10 11 12 13 14 15 16 17  0]/n[[155.          14.          16.           0.56531596   0.67564438]
 [155.          14.          16.           0.56531596   0.86608264]
 [182.          21.           1.           0.57932419   0.79286447]
 [162.          25.          20.           0.31206556   0.4032369 ]
 [174.          14.           9.           0.68546816   0.48189466]
 [155.          14.          18.           0.54264494   0.64245998]
 [155.          14.          16.           0.56531596   0.67564438]
 [131.          14.          16.           0.56531596   0.67564438]
 [155.          14.          16.           0.56531596   0.86608264]
 [155.          14.          16.           0.55995111   0.85495203]
 [155.          14.          17.           0.56531596   0.86608264]
 [182.          21.           1.           0.58293414   0.79286447]
 [182.          21.           1.           0.6315974    0.79286447]
 [173.          21.           1.           0.57932419   0.79286447]
 [162.          25.          20.           0.31206556   0.4032369 ]
 [169.          12.          20.           0.29330592   0.4032369 ]
 [162.          25.          20.           0.31206556   0.4032369 ]
 [174.          14.           9.           0.67947575   0.48189466]
 [174.          14.           9.           0.68546816   0.48189466]
 [157.          14.          18.           0.68546816   0.49714876]][-100000. -100000. -100000. -100000. -100000. -100000. -100000. -100000.
 -100000. -100000. -100000. -100000. -100000. -100000. -100000. -100000.
 -100000. -100000. -100000. -100000.][19 18  1  2  3  4  5  6  7  8  9 10 11 12 13 14 15 16 17  0]/n[[1.17000000e+02 2.60000000e+01 1.10000000e+01 1.43519473e-01
  2.06256318e-01]
 [1.28000000e+02 2.30000000e+01 3.50000000e+01 6.22776599e-01
  2.27260435e-01]
 [1.96000000e+02 3.40000000e+01 5.00000000e+00 4.58233809e-01
  8.80862877e-01]
 [1.53000000e+02 4.40000000e+01 1.40000000e+01 5.38388255e-01
  1.93662907e-01]
 [1.64000000e+02 2.00000000e+01 7.00000000e+00 8.25030772e-01
  8.65777806e-01]
 [1.17000000e+02 2.60000000e+01 1.10000000e+01 1.43519473e-01
  2.48498054e-01]
 [1.12000000e+02 2.60000000e+01 1.10000000e+01 1.43519473e-01
  2.06256318e-01]
 [1.10000000e+02 2.70000000e+01 1.10000000e+01 8.53694553e-02
  2.06256318e-01]
 [1.28000000e+02 2.20000000e+01 3.30000000e+01 6.52190594e-01
  2.27260435e-01]
 [1.28000000e+02 2.30000000e+01 3.50000000e+01 6.22776599e-01
  2.27260435e-01]
 [1.29000000e+02 2.30000000e+01 3.50000000e+01 6.22776599e-01
  2.27260435e-01]
 [1.96000000e+02 3.40000000e+01 1.00000000e+00 4.86783961e-01
  8.80862877e-01]
 [1.96000000e+02 3.40000000e+01 5.00000000e+00 4.83390501e-01
  8.80862877e-01]
 [1.94000000e+02 4.30000000e+01 9.00000000e+00 4.61498335e-01
  8.80862877e-01]
 [1.53000000e+02 4.40000000e+01 1.40000000e+01 5.38388255e-01
  1.93662907e-01]
 [1.47000000e+02 4.40000000e+01 1.40000000e+01 5.38388255e-01
  1.93662907e-01]
 [1.53000000e+02 4.40000000e+01 1.40000000e+01 5.38388255e-01
  1.93662907e-01]
 [1.64000000e+02 1.80000000e+01 7.00000000e+00 8.81794771e-01
  8.65777806e-01]
 [1.64000000e+02 2.00000000e+01 7.00000000e+00 8.25030772e-01
  8.65777806e-01]
 [1.64000000e+02 2.00000000e+01 7.00000000e+00 8.25030772e-01
  8.65777806e-01]][ -28296.  -30358.  -32372.  -33689. -100000. -100000. -100000. -100000.
 -100000. -100000. -100000. -100000. -100000. -100000. -100000. -100000.
 -100000. -100000. -100000. -100000.][ 5  0  7  6 18  1  2  3  4  8 19 10 11 12 13 14 15 16 17  9]/n[[1.17000000e+02 2.60000000e+01 1.10000000e+01 1.43519473e-01
  2.48498054e-01]
 [1.17000000e+02 2.60000000e+01 1.10000000e+01 1.43519473e-01
  2.06256318e-01]
 [1.10000000e+02 2.70000000e+01 1.10000000e+01 8.53694553e-02
  2.06256318e-01]
 [1.12000000e+02 2.60000000e+01 1.10000000e+01 1.43519473e-01
  2.06256318e-01]
 [1.64000000e+02 2.00000000e+01 7.00000000e+00 8.25030772e-01
  8.65777806e-01]
 [1.17000000e+02 2.60000000e+01 1.10000000e+01 1.43519473e-01
  2.48498054e-01]
 [1.30000000e+02 2.20000000e+01 1.10000000e+01 8.67163898e-02
  2.48498054e-01]
 [1.28000000e+02 2.60000000e+01 2.10000000e+01 1.43519473e-01
  2.48498054e-01]
 [1.17000000e+02 2.60000000e+01 1.10000000e+01 1.43519473e-01
  2.06256318e-01]
 [1.17000000e+02 2.60000000e+01 1.10000000e+01 1.05630642e-01
  2.06256318e-01]
 [1.17000000e+02 3.70000000e+01 1.10000000e+01 1.43519473e-01
  2.06256318e-01]
 [1.12000000e+02 2.70000000e+01 1.10000000e+01 8.53694553e-02
  2.06256318e-01]
 [1.10000000e+02 2.70000000e+01 1.10000000e+01 8.53694553e-02
  2.06256318e-01]
 [1.10000000e+02 2.70000000e+01 1.10000000e+01 8.53694553e-02
  2.06256318e-01]
 [1.12000000e+02 2.40000000e+01 1.10000000e+01 1.43519473e-01
  2.06256318e-01]
 [1.12000000e+02 2.20000000e+01 1.10000000e+01 1.52137954e-01
  2.99267701e-01]
 [1.12000000e+02 2.60000000e+01 2.00000000e+01 1.58891880e-01
  2.06256318e-01]
 [1.64000000e+02 2.00000000e+01 7.00000000e+00 8.25030772e-01
  8.65777806e-01]
 [1.42000000e+02 2.00000000e+01 7.00000000e+00 8.25030772e-01
  8.65777806e-01]
 [1.64000000e+02 2.00000000e+01 7.00000000e+00 8.25030772e-01
  8.65777806e-01]][  -5049.  -25010.  -28296.  -28296.  -30175.  -30358.  -30358.  -30369.
  -32242.  -32372.  -32372.  -32372.  -33668.  -33689.  -97294. -100000.
 -100000. -100000. -100000. -105126.][ 6 15  0  5  9  8  1 10 11 13 12  2 14  3 16 18 17  4 19  7]/n[[1.30000000e+02 2.20000000e+01 1.10000000e+01 8.67163898e-02
  2.48498054e-01]
 [1.12000000e+02 2.20000000e+01 1.10000000e+01 1.52137954e-01
  2.99267701e-01]
 [1.17000000e+02 2.60000000e+01 1.10000000e+01 1.43519473e-01
  2.48498054e-01]
 [1.17000000e+02 2.60000000e+01 1.10000000e+01 1.43519473e-01
  2.48498054e-01]
 [1.17000000e+02 2.60000000e+01 1.10000000e+01 1.05630642e-01
  2.06256318e-01]
 [1.30000000e+02 2.20000000e+01 1.20000000e+01 1.07580662e-01
  2.48498054e-01]
 [1.30000000e+02 2.30000000e+01 1.10000000e+01 8.67163898e-02
  2.27220407e-01]
 [1.13000000e+02 2.20000000e+01 1.20000000e+01 1.47411029e-01
  2.48498054e-01]
 [1.12000000e+02 2.70000000e+01 1.30000000e+01 1.52137954e-01
  2.99267701e-01]
 [1.12000000e+02 2.20000000e+01 1.10000000e+01 1.52137954e-01
  2.99267701e-01]
 [1.07000000e+02 2.10000000e+01 1.10000000e+01 1.52137954e-01
  2.99267701e-01]
 [1.17000000e+02 2.60000000e+01 1.80000000e+01 1.43519473e-01
  2.48498054e-01]
 [1.17000000e+02 2.60000000e+01 1.10000000e+01 1.43519473e-01
  2.48498054e-01]
 [1.17000000e+02 2.60000000e+01 1.10000000e+01 1.43519473e-01
  2.48498054e-01]
 [1.17000000e+02 2.60000000e+01 1.10000000e+01 1.43519473e-01
  2.48498054e-01]
 [1.38000000e+02 2.60000000e+01 1.10000000e+01 1.43519473e-01
  2.48498054e-01]
 [1.10000000e+02 2.60000000e+01 1.10000000e+01 1.43519473e-01
  2.48498054e-01]
 [1.17000000e+02 2.60000000e+01 1.10000000e+01 1.05630642e-01
  2.06256318e-01]
 [1.17000000e+02 2.60000000e+01 1.10000000e+01 1.05630642e-01
  2.06256318e-01]
 [1.15000000e+02 2.60000000e+01 1.10000000e+01 1.05630642e-01
  2.06256318e-01]][ -5049.  -5212.  -5333.  -5839. -25010. -25010. -28296. -28296. -28296.
 -28296. -28296. -28640. -29919. -30175. -30175. -30175. -31325. -31686.
 -38214. -79997.][ 0 15  6  5  1  9 13 12 14  3  2  7 10 18  4 17 19 16  8 11]/n[[1.30000000e+02 2.20000000e+01 1.10000000e+01 8.67163898e-02
  2.48498054e-01]
 [1.38000000e+02 2.60000000e+01 1.10000000e+01 1.43519473e-01
  2.48498054e-01]
 [1.30000000e+02 2.30000000e+01 1.10000000e+01 8.67163898e-02
  2.27220407e-01]
 [1.30000000e+02 2.20000000e+01 1.20000000e+01 1.07580662e-01
  2.48498054e-01]
 [1.12000000e+02 2.20000000e+01 1.10000000e+01 1.52137954e-01
  2.99267701e-01]
 [1.30000000e+02 2.20000000e+01 2.30000000e+01 8.67163898e-02
  2.48498054e-01]
 [1.30000000e+02 2.20000000e+01 1.10000000e+01 8.67163898e-02
  2.48498054e-01]
 [1.37000000e+02 2.20000000e+01 1.10000000e+01 3.42091428e-02
  3.00213614e-01]
 [1.38000000e+02 2.60000000e+01 1.30000000e+01 1.43519473e-01
  2.48498054e-01]
 [1.38000000e+02 2.80000000e+01 1.10000000e+01 1.43519473e-01
  2.48498054e-01]
 [1.38000000e+02 2.60000000e+01 2.00000000e+01 1.43519473e-01
  2.16101826e-01]
 [1.30000000e+02 2.30000000e+01 1.10000000e+01 8.67163898e-02
  2.27220407e-01]
 [1.30000000e+02 2.30000000e+01 1.10000000e+01 8.67163898e-02
  2.27220407e-01]
 [1.42000000e+02 2.30000000e+01 1.10000000e+01 4.43117236e-02
  2.25845079e-01]
 [1.30000000e+02 2.20000000e+01 1.20000000e+01 1.07580662e-01
  2.48498054e-01]
 [1.30000000e+02 2.20000000e+01 1.20000000e+01 1.16862376e-01
  2.48498054e-01]
 [1.30000000e+02 2.20000000e+01 1.20000000e+01 1.26583813e-01
  2.48498054e-01]
 [1.12000000e+02 2.20000000e+01 1.10000000e+01 1.52137954e-01
  2.74883163e-01]
 [1.12000000e+02 2.20000000e+01 1.10000000e+01 1.52137954e-01
  3.53782865e-01]
 [1.12000000e+02 2.20000000e+01 1.10000000e+01 1.52137954e-01
  2.99267701e-01]][ -3042.  -3518.  -5049.  -5049.  -5212.  -5214.  -5333.  -5333.  -5333.
  -5839.  -5839.  -5984.  -6090.  -6531.  -7969. -25010. -25010. -26271.
 -28031. -57066.][ 7 13  0  6  1  9 12 11  2 14  3 15 16  8  5  4 19 17 18 10]/n[[1.37000000e+02 2.20000000e+01 1.10000000e+01 3.42091428e-02
  3.00213614e-01]
 [1.42000000e+02 2.30000000e+01 1.10000000e+01 4.43117236e-02
  2.25845079e-01]
 [1.30000000e+02 2.20000000e+01 1.10000000e+01 8.67163898e-02
  2.48498054e-01]
 [1.30000000e+02 2.20000000e+01 1.10000000e+01 8.67163898e-02
  2.48498054e-01]
 [1.38000000e+02 2.60000000e+01 1.10000000e+01 1.43519473e-01
  2.48498054e-01]
 [1.37000000e+02 2.70000000e+01 1.10000000e+01 3.42091428e-02
  2.49334741e-01]
 [1.37000000e+02 2.20000000e+01 1.10000000e+01 3.42091428e-02
  3.00213614e-01]
 [1.37000000e+02 2.20000000e+01 1.10000000e+01 3.42091428e-02
  3.45949541e-01]
 [1.42000000e+02 2.30000000e+01 1.10000000e+01 4.43117236e-02
  2.25845079e-01]
 [1.42000000e+02 2.30000000e+01 1.10000000e+01 4.43117236e-02
  2.25845079e-01]
 [1.42000000e+02 2.30000000e+01 1.10000000e+01 4.43117236e-02
  2.16376869e-01]
 [1.30000000e+02 2.20000000e+01 1.10000000e+01 8.67163898e-02
  2.48498054e-01]
 [1.35000000e+02 2.20000000e+01 1.10000000e+01 8.67163898e-02
  2.48498054e-01]
 [1.30000000e+02 2.20000000e+01 1.10000000e+01 8.67163898e-02
  2.48498054e-01]
 [1.30000000e+02 2.00000000e+01 9.00000000e+00 8.67163898e-02
  3.04351634e-01]
 [1.30000000e+02 2.20000000e+01 1.10000000e+01 8.67163898e-02
  2.48498054e-01]
 [1.30000000e+02 2.20000000e+01 1.10000000e+01 8.67163898e-02
  2.48498054e-01]
 [1.38000000e+02 2.60000000e+01 1.10000000e+01 1.43519473e-01
  2.48498054e-01]
 [1.38000000e+02 2.60000000e+01 1.10000000e+01 1.43519473e-01
  2.48498054e-01]
 [1.38000000e+02 2.60000000e+01 1.10000000e+01 1.43519473e-01
  2.48498054e-01]][-2917. -3042. -3042. -3188. -3302. -3518. -3518. -3518. -3558. -5049.
 -5049. -5049. -5049. -5049. -5049. -5049. -5212. -5212. -5212. -5212.][ 7  0  6  5 14  8  1  9 10 11 12 13 15 16  3  2 18  4 17 19]/n[[1.37000000e+02 2.20000000e+01 1.10000000e+01 3.42091428e-02
  3.45949541e-01]
 [1.37000000e+02 2.20000000e+01 1.10000000e+01 3.42091428e-02
  3.00213614e-01]
 [1.37000000e+02 2.20000000e+01 1.10000000e+01 3.42091428e-02
  3.00213614e-01]
 [1.37000000e+02 2.70000000e+01 1.10000000e+01 3.42091428e-02
  2.49334741e-01]
 [1.30000000e+02 2.00000000e+01 9.00000000e+00 8.67163898e-02
  3.04351634e-01]
 [1.37000000e+02 2.20000000e+01 1.10000000e+01 3.42091428e-02
  3.45949541e-01]
 [1.37000000e+02 2.20000000e+01 1.40000000e+01 5.24803907e-02
  3.45949541e-01]
 [1.37000000e+02 2.20000000e+01 1.10000000e+01 3.42091428e-02
  3.28588053e-01]
 [1.37000000e+02 2.20000000e+01 1.90000000e+01 3.42091428e-02
  2.83474024e-01]
 [1.32000000e+02 2.20000000e+01 1.10000000e+01 3.42091428e-02
  3.00213614e-01]
 [1.27000000e+02 2.20000000e+01 9.00000000e+00 3.42091428e-02
  2.83545954e-01]
 [1.36000000e+02 2.90000000e+01 1.10000000e+01 3.42091428e-02
  2.46351658e-01]
 [1.37000000e+02 2.20000000e+01 1.10000000e+01 1.02042633e-01
  3.00213614e-01]
 [1.35000000e+02 2.30000000e+01 1.20000000e+01 3.42091428e-02
  3.00213614e-01]
 [1.37000000e+02 2.70000000e+01 6.00000000e+00 3.39989825e-02
  2.49334741e-01]
 [1.37000000e+02 2.70000000e+01 1.10000000e+01 3.42091428e-02
  2.49334741e-01]
 [1.37000000e+02 2.70000000e+01 2.00000000e+00 3.42091428e-02
  3.69065042e-01]
 [1.32000000e+02 1.70000000e+01 9.00000000e+00 8.67163898e-02
  3.04351634e-01]
 [1.30000000e+02 2.00000000e+01 9.00000000e+00 8.67163898e-02
  3.04351634e-01]
 [1.30000000e+02 2.00000000e+01 9.00000000e+00 8.67163898e-02
  3.04351634e-01]][ -773. -2266. -2768. -2917. -2917. -2933. -3042. -3042. -3042. -3188.
 -3188. -3193. -3200. -3278. -3302. -3302. -3302. -3505. -3904. -4116.][16 14 10  0  5  7  1  2  9  3 15 13 11 17 18  4 19  8  6 12]/n[[1.37000000e+02 2.70000000e+01 2.00000000e+00 3.42091428e-02
  3.69065042e-01]
 [1.37000000e+02 2.70000000e+01 6.00000000e+00 3.39989825e-02
  2.49334741e-01]
 [1.27000000e+02 2.20000000e+01 9.00000000e+00 3.42091428e-02
  2.83545954e-01]
 [1.37000000e+02 2.20000000e+01 1.10000000e+01 3.42091428e-02
  3.45949541e-01]
 [1.37000000e+02 2.20000000e+01 1.10000000e+01 3.42091428e-02
  3.45949541e-01]
 [1.37000000e+02 2.70000000e+01 2.00000000e+00 3.42091428e-02
  3.69065042e-01]
 [1.19000000e+02 2.70000000e+01 2.00000000e+00 1.11674265e-01
  3.69065042e-01]
 [1.37000000e+02 2.70000000e+01 2.00000000e+00 3.42091428e-02
  3.69065042e-01]
 [1.37000000e+02 2.70000000e+01 6.00000000e+00 3.39989825e-02
  2.08018081e-01]
 [1.39000000e+02 2.70000000e+01 6.00000000e+00 3.39989825e-02
  2.49334741e-01]
 [1.37000000e+02 2.70000000e+01 6.00000000e+00 3.39989825e-02
  2.49334741e-01]
 [1.27000000e+02 2.20000000e+01 9.00000000e+00 3.42091428e-02
  2.83545954e-01]
 [1.27000000e+02 2.20000000e+01 9.00000000e+00 9.62624574e-02
  2.83545954e-01]
 [1.27000000e+02 2.30000000e+01 9.00000000e+00 3.42091428e-02
  2.83545954e-01]
 [1.37000000e+02 2.20000000e+01 1.60000000e+01 3.42091428e-02
  3.45949541e-01]
 [1.37000000e+02 2.40000000e+01 1.40000000e+01 3.42091428e-02
  3.45949541e-01]
 [1.37000000e+02 2.20000000e+01 1.10000000e+01 7.09310318e-02
  3.88107943e-01]
 [1.37000000e+02 2.20000000e+01 1.10000000e+01 3.42091428e-02
  3.45949541e-01]
 [1.37000000e+02 2.70000000e+01 1.10000000e+01 3.96023002e-02
  3.41964591e-01]
 [1.37000000e+02 2.20000000e+01 1.10000000e+01 3.42091428e-02
  4.74091433e-01]][  -773.   -773.   -773.  -2211.  -2266.  -2266.  -2266.  -2452.  -2768.
  -2768.  -2771.  -2917.  -2917.  -2917.  -2965.  -3066.  -3161.  -3197.
  -3608. -24195.][ 0  7  5 19 10  1  9  8 11  2 13 17  4  3 15 16 14 18 12  6]/n[[1.37000000e+02 2.70000000e+01 2.00000000e+00 3.42091428e-02
  3.69065042e-01]
 [1.37000000e+02 2.70000000e+01 2.00000000e+00 3.42091428e-02
  3.69065042e-01]
 [1.37000000e+02 2.70000000e+01 2.00000000e+00 3.42091428e-02
  3.69065042e-01]
 [1.37000000e+02 2.20000000e+01 1.10000000e+01 3.42091428e-02
  4.74091433e-01]
 [1.37000000e+02 2.70000000e+01 6.00000000e+00 3.39989825e-02
  2.49334741e-01]
 [1.37000000e+02 2.70000000e+01 2.00000000e+00 3.42091428e-02
  3.69065042e-01]
 [1.37000000e+02 2.70000000e+01 7.00000000e+00 3.42091428e-02
  3.69065042e-01]
 [1.37000000e+02 2.70000000e+01 2.00000000e+00 2.05100433e-02
  3.69065042e-01]
 [1.37000000e+02 2.70000000e+01 2.00000000e+00 3.42091428e-02
  3.69065042e-01]
 [1.37000000e+02 2.70000000e+01 2.00000000e+00 3.42091428e-02
  3.69065042e-01]
 [1.37000000e+02 2.70000000e+01 2.00000000e+00 3.42091428e-02
  3.69065042e-01]
 [1.37000000e+02 2.70000000e+01 4.00000000e+00 3.42091428e-02
  3.37408378e-01]
 [1.54000000e+02 2.70000000e+01 2.00000000e+00 3.42091428e-02
  4.00047359e-01]
 [1.37000000e+02 3.10000000e+01 2.00000000e+00 3.42091428e-02
  3.69065042e-01]
 [1.37000000e+02 2.20000000e+01 1.00000000e+00 3.42091428e-02
  4.74091433e-01]
 [1.37000000e+02 2.20000000e+01 8.00000000e+00 3.42091428e-02
  4.74091433e-01]
 [1.37000000e+02 2.20000000e+01 1.10000000e+01 3.42091428e-02
  4.74091433e-01]
 [1.37000000e+02 2.70000000e+01 6.00000000e+00 7.84557295e-02
  2.49334741e-01]
 [1.37000000e+02 2.70000000e+01 1.00000000e+01 3.39989825e-02
  2.49334741e-01]
 [1.30000000e+02 2.70000000e+01 6.00000000e+00 3.39989825e-02
  2.49334741e-01]][ -193.  -431.  -773.  -773.  -773.  -773.  -773.  -773.  -773.  -773.
  -787. -1343. -1554. -2095. -2211. -2211. -2266. -2266. -2879. -3032.][14  7  9 10  1  2  5  8  0 13 12 11 15  6  3 16  4 19 17 18]/n[[1.37000000e+02 2.20000000e+01 1.00000000e+00 3.42091428e-02
  4.74091433e-01]
 [1.37000000e+02 2.70000000e+01 2.00000000e+00 2.05100433e-02
  3.69065042e-01]
 [1.37000000e+02 2.70000000e+01 2.00000000e+00 3.42091428e-02
  3.69065042e-01]
 [1.37000000e+02 2.70000000e+01 2.00000000e+00 3.42091428e-02
  3.69065042e-01]
 [1.37000000e+02 2.70000000e+01 2.00000000e+00 3.42091428e-02
  3.69065042e-01]
 [1.37000000e+02 2.40000000e+01 1.00000000e+00 3.42091428e-02
  4.74091433e-01]
 [1.37000000e+02 2.20000000e+01 1.00000000e+00 3.42091428e-02
  4.74091433e-01]
 [1.37000000e+02 2.30000000e+01 1.00000000e+00 3.42091428e-02
  4.74091433e-01]
 [1.37000000e+02 2.70000000e+01 2.00000000e+00 2.05100433e-02
  3.69065042e-01]
 [1.37000000e+02 2.70000000e+01 2.00000000e+00 2.14825317e-02
  3.69065042e-01]
 [1.38000000e+02 3.40000000e+01 2.00000000e+00 2.05100433e-02
  3.69065042e-01]
 [1.37000000e+02 2.90000000e+01 2.00000000e+00 3.42091428e-02
  3.69065042e-01]
 [1.37000000e+02 2.70000000e+01 2.00000000e+00 3.42091428e-02
  3.69065042e-01]
 [1.37000000e+02 2.70000000e+01 2.00000000e+00 3.42091428e-02
  3.69065042e-01]
 [1.38000000e+02 3.10000000e+01 2.00000000e+00 3.42091428e-02
  3.69065042e-01]
 [1.37000000e+02 2.70000000e+01 2.00000000e+00 3.42091428e-02
  3.43335684e-01]
 [1.37000000e+02 2.70000000e+01 2.00000000e+00 2.71937183e-02
  3.69065042e-01]
 [1.37000000e+02 2.70000000e+01 2.00000000e+00 3.42091428e-02
  3.69065042e-01]
 [1.37000000e+02 2.70000000e+01 2.00000000e+00 3.42091428e-02
  3.69065042e-01]
 [1.37000000e+02 2.70000000e+01 2.00000000e+00 3.42091428e-02
  3.69065042e-01]][-193. -193. -193. -422. -431. -431. -585. -771. -773. -773. -773. -773.
 -773. -773. -773. -773. -773. -773. -773. -872.][ 0  7  6  9  8  1  5 16 15 14 13 12 11 18 17  4  3  2 19 10]/n[[1.37000000e+02 2.20000000e+01 1.00000000e+00 3.42091428e-02
  4.74091433e-01]
 [1.37000000e+02 2.30000000e+01 1.00000000e+00 3.42091428e-02
  4.74091433e-01]
 [1.37000000e+02 2.20000000e+01 1.00000000e+00 3.42091428e-02
  4.74091433e-01]
 [1.37000000e+02 2.70000000e+01 2.00000000e+00 2.14825317e-02
  3.69065042e-01]
 [1.37000000e+02 2.70000000e+01 2.00000000e+00 2.05100433e-02
  3.69065042e-01]
 [1.37000000e+02 2.20000000e+01 1.00000000e+00 3.42091428e-02
  4.74091433e-01]
 [1.37000000e+02 2.20000000e+01 1.00000000e+00 3.42091428e-02
  4.74091433e-01]
 [1.37000000e+02 2.20000000e+01 1.00000000e+00 3.42091428e-02
  4.74091433e-01]
 [1.37000000e+02 1.80000000e+01 1.00000000e+00 3.42091428e-02
  4.74091433e-01]
 [1.37000000e+02 2.30000000e+01 1.00000000e+00 3.42091428e-02
  4.74091433e-01]
 [1.36000000e+02 2.30000000e+01 1.00000000e+00 3.42091428e-02
  4.74091433e-01]
 [1.37000000e+02 2.00000000e+01 4.00000000e+00 3.42091428e-02
  4.74091433e-01]
 [1.34000000e+02 2.20000000e+01 1.00000000e+00 3.42091428e-02
  4.74091433e-01]
 [1.37000000e+02 2.20000000e+01 2.00000000e+00 3.42091428e-02
  4.74091433e-01]
 [1.35000000e+02 2.70000000e+01 2.00000000e+00 2.14825317e-02
  2.87210387e-01]
 [1.37000000e+02 2.50000000e+01 7.00000000e+00 2.14825317e-02
  3.69065042e-01]
 [1.37000000e+02 2.70000000e+01 2.00000000e+00 2.14825317e-02
  3.69065042e-01]
 [1.37000000e+02 2.70000000e+01 6.00000000e+00 7.07319933e-02
  3.69065042e-01]
 [1.37000000e+02 2.70000000e+01 2.00000000e+00 6.30394460e-02
  2.66685274e-01]
 [1.37000000e+02 2.70000000e+01 2.00000000e+00 6.19201001e-02
  3.69065042e-01]][ -192.  -192.  -193.  -193.  -193.  -193.  -193.  -193.  -193.  -193.
  -193.  -422.  -422.  -431.  -506.  -578.  -869. -1016. -1292. -1649.][13  8  9 10  1  2  5  6  7  0 12  3 16  4 11 14 19 18 15 17]/n[[1.37000000e+02 2.20000000e+01 2.00000000e+00 3.42091428e-02
  4.74091433e-01]
 [1.37000000e+02 1.80000000e+01 1.00000000e+00 3.42091428e-02
  4.74091433e-01]
 [1.37000000e+02 2.30000000e+01 1.00000000e+00 3.42091428e-02
  4.74091433e-01]
 [1.36000000e+02 2.30000000e+01 1.00000000e+00 3.42091428e-02
  4.74091433e-01]
 [1.37000000e+02 2.30000000e+01 1.00000000e+00 3.42091428e-02
  4.74091433e-01]
 [1.37000000e+02 2.20000000e+01 2.00000000e+00 3.42091428e-02
  4.74091433e-01]
 [1.37000000e+02 2.20000000e+01 2.00000000e+00 7.79667907e-02
  4.74091433e-01]
 [1.37000000e+02 2.20000000e+01 2.00000000e+00 9.70067055e-02
  4.74091433e-01]
 [1.37000000e+02 2.20000000e+01 6.00000000e+00 3.42091428e-02
  4.74091433e-01]
 [1.37000000e+02 2.90000000e+01 3.00000000e+00 3.42091428e-02
  4.74091433e-01]
 [1.37000000e+02 1.80000000e+01 1.00000000e+00 3.42091428e-02
  4.74091433e-01]
 [1.37000000e+02 2.30000000e+01 1.00000000e+00 8.37314735e-02
  4.96704086e-01]
 [1.37000000e+02 2.30000000e+01 1.00000000e+00 3.42091428e-02
  4.74091433e-01]
 [1.37000000e+02 2.30000000e+01 1.00000000e+00 3.42091428e-02
  4.74091433e-01]
 [1.36000000e+02 2.30000000e+01 1.00000000e+00 3.42091428e-02
  4.74091433e-01]
 [1.36000000e+02 2.30000000e+01 1.00000000e+00 3.42091428e-02
  4.74091433e-01]
 [1.36000000e+02 2.30000000e+01 1.00000000e+00 3.42091428e-02
  4.55980418e-01]
 [1.37000000e+02 2.30000000e+01 1.00000000e+00 3.42091428e-02
  4.74091433e-01]
 [1.37000000e+02 2.30000000e+01 1.00000000e+00 3.42091428e-02
  4.74091433e-01]
 [1.46000000e+02 3.10000000e+01 1.00000000e+00 3.42091428e-02
  4.74091433e-01]][ -192.  -192.  -192.  -192.  -193.  -193.  -193.  -193.  -193.  -193.
  -193.  -193.  -193.  -193.  -653.  -655.  -716.  -768.  -772. -1056.][ 0  5  1 10  2  4 18  3 12 13 14 15 16 17  6 11  7  9 19  8]/n[[1.37000000e+02 2.20000000e+01 2.00000000e+00 3.42091428e-02
  4.74091433e-01]
 [1.37000000e+02 2.20000000e+01 2.00000000e+00 3.42091428e-02
  4.74091433e-01]
 [1.37000000e+02 1.80000000e+01 1.00000000e+00 3.42091428e-02
  4.74091433e-01]
 [1.37000000e+02 1.80000000e+01 1.00000000e+00 3.42091428e-02
  4.74091433e-01]
 [1.37000000e+02 2.30000000e+01 1.00000000e+00 3.42091428e-02
  4.74091433e-01]
 [1.34000000e+02 2.20000000e+01 8.00000000e+00 3.42091428e-02
  4.74091433e-01]
 [1.37000000e+02 2.20000000e+01 1.30000000e+01 3.42091428e-02
  4.74091433e-01]
 [1.37000000e+02 2.20000000e+01 2.00000000e+00 4.97201088e-02
  4.74091433e-01]
 [1.37000000e+02 2.20000000e+01 2.00000000e+00 6.89684341e-02
  4.73920144e-01]
 [1.37000000e+02 2.20000000e+01 3.00000000e+00 3.42091428e-02
  4.74091433e-01]
 [1.48000000e+02 2.20000000e+01 2.00000000e+00 3.40578277e-02
  4.74091433e-01]
 [1.37000000e+02 1.80000000e+01 1.00000000e+00 3.42091428e-02
  4.74091433e-01]
 [1.37000000e+02 1.80000000e+01 1.00000000e+00 3.42091428e-02
  4.88723880e-01]
 [1.37000000e+02 1.80000000e+01 1.00000000e+00 3.42091428e-02
  4.94611598e-01]
 [1.46000000e+02 1.80000000e+01 1.00000000e+00 3.42091428e-02
  4.74091433e-01]
 [1.37000000e+02 1.80000000e+01 1.00000000e+00 3.42091428e-02
  4.74091433e-01]
 [1.37000000e+02 1.80000000e+01 1.00000000e+00 3.42091428e-02
  3.92320091e-01]
 [1.48000000e+02 2.30000000e+01 1.00000000e+00 3.42091428e-02
  4.74091433e-01]
 [1.37000000e+02 1.20000000e+01 1.00000000e+00 1.87080556e-02
  4.74091433e-01]
 [1.37000000e+02 2.30000000e+01 1.00000000e+00 3.42091428e-02
  4.74091433e-01]][ -152.  -192.  -192.  -192.  -192.  -192.  -192.  -192.  -192.  -192.
  -192.  -192.  -193.  -193.  -193.  -329.  -586.  -664. -1554. -2959.][18  0  1 16 15 14 13 12 11 10  2  3  4 19 17  9  8  7  5  6]/n[[1.37000000e+02 1.20000000e+01 1.00000000e+00 1.87080556e-02
  4.74091433e-01]
 [1.37000000e+02 2.20000000e+01 2.00000000e+00 3.42091428e-02
  4.74091433e-01]
 [1.37000000e+02 2.20000000e+01 2.00000000e+00 3.42091428e-02
  4.74091433e-01]
 [1.37000000e+02 1.80000000e+01 1.00000000e+00 3.42091428e-02
  3.92320091e-01]
 [1.37000000e+02 1.80000000e+01 1.00000000e+00 3.42091428e-02
  4.74091433e-01]
 [1.29000000e+02 1.70000000e+01 1.00000000e+00 1.87080556e-02
  4.74091433e-01]
 [1.43000000e+02 1.80000000e+01 1.00000000e+00 1.87080556e-02
  4.74091433e-01]
 [1.37000000e+02 1.60000000e+01 1.00000000e+00 1.87080556e-02
  4.74091433e-01]
 [1.37000000e+02 2.20000000e+01 2.00000000e+00 3.42091428e-02
  4.74091433e-01]
 [1.37000000e+02 2.20000000e+01 2.00000000e+00 3.42091428e-02
  4.74091433e-01]
 [1.37000000e+02 2.20000000e+01 2.00000000e+00 3.42091428e-02
  4.49656961e-01]
 [1.42000000e+02 2.20000000e+01 2.00000000e+00 3.42091428e-02
  4.74091433e-01]
 [1.37000000e+02 2.20000000e+01 2.00000000e+00 3.42091428e-02
  4.98710367e-01]
 [1.37000000e+02 2.80000000e+01 2.00000000e+00 3.42091428e-02
  5.02502887e-01]
 [1.37000000e+02 1.80000000e+01 2.00000000e+00 3.42091428e-02
  4.18044930e-01]
 [1.30000000e+02 1.80000000e+01 1.00000000e+00 3.42091428e-02
  3.92320091e-01]
 [1.37000000e+02 1.80000000e+01 1.00000000e+00 3.42091428e-02
  4.39879384e-01]
 [1.37000000e+02 2.10000000e+01 1.00000000e+00 3.42091428e-02
  4.84861955e-01]
 [1.37000000e+02 1.80000000e+01 1.00000000e+00 3.42091428e-02
  5.36339242e-01]
 [1.37000000e+02 1.80000000e+01 1.00000000e+00 3.42091428e-02
  4.74091433e-01]][-152. -189. -189. -190. -192. -192. -192. -192. -192. -192. -192. -192.
 -192. -192. -192. -192. -192. -193. -209. -585.][ 0  5  7  6 18  1  2  3  4  8 19 10 11 12 15 16  9 17 14 13]/n[[1.37000000e+02 1.20000000e+01 1.00000000e+00 1.87080556e-02
  4.74091433e-01]
 [1.29000000e+02 1.70000000e+01 1.00000000e+00 1.87080556e-02
  4.74091433e-01]
 [1.37000000e+02 1.60000000e+01 1.00000000e+00 1.87080556e-02
  4.74091433e-01]
 [1.43000000e+02 1.80000000e+01 1.00000000e+00 1.87080556e-02
  4.74091433e-01]
 [1.37000000e+02 1.80000000e+01 1.00000000e+00 3.42091428e-02
  5.36339242e-01]
 [1.37000000e+02 1.10000000e+01 1.00000000e+00 1.87080556e-02
  4.74091433e-01]
 [1.23000000e+02 7.00000000e+00 1.00000000e+00 1.04254753e-01
  4.74091433e-01]
 [1.40000000e+02 1.20000000e+01 1.00000000e+00 1.87080556e-02
  4.74091433e-01]
 [1.29000000e+02 1.20000000e+01 1.00000000e+00 1.87080556e-02
  4.74091433e-01]
 [1.29000000e+02 1.70000000e+01 1.00000000e+00 1.87080556e-02
  4.74091433e-01]
 [1.29000000e+02 1.70000000e+01 1.00000000e+00 1.87080556e-02
  4.74091433e-01]
 [1.37000000e+02 1.60000000e+01 1.00000000e+00 1.87080556e-02
  4.74091433e-01]
 [1.37000000e+02 1.60000000e+01 1.00000000e+00 1.87080556e-02
  4.62425435e-01]
 [1.32000000e+02 1.60000000e+01 1.00000000e+00 1.87080556e-02
  4.65826982e-01]
 [1.43000000e+02 1.80000000e+01 4.00000000e+00 1.87080556e-02
  4.74091433e-01]
 [1.41000000e+02 1.80000000e+01 1.00000000e+00 1.87080556e-02
  4.74091433e-01]
 [1.43000000e+02 1.80000000e+01 1.00000000e+00 1.87080556e-02
  4.74091433e-01]
 [1.37000000e+02 1.80000000e+01 1.00000000e+00 3.42091428e-02
  5.36339242e-01]
 [1.37000000e+02 1.80000000e+01 1.00000000e+00 1.18319263e-02
  5.36339242e-01]
 [1.37000000e+02 1.80000000e+01 2.00000000e+00 3.42091428e-02
  5.34013759e-01]][   2. -114. -152. -152. -152. -186. -189. -189. -189. -189. -189. -189.
 -189. -190. -190. -190. -191. -192. -192. -575.][ 5  6  0  7  8 18 10  1  2  9 11 12 13 15  3 16 19  4 17 14]/n[[1.37000000e+02 1.10000000e+01 1.00000000e+00 1.87080556e-02
  4.74091433e-01]
 [1.23000000e+02 7.00000000e+00 1.00000000e+00 1.04254753e-01
  4.74091433e-01]
 [1.37000000e+02 1.20000000e+01 1.00000000e+00 1.87080556e-02
  4.74091433e-01]
 [1.40000000e+02 1.20000000e+01 1.00000000e+00 1.87080556e-02
  4.74091433e-01]
 [1.29000000e+02 1.20000000e+01 1.00000000e+00 1.87080556e-02
  4.74091433e-01]
 [1.37000000e+02 1.10000000e+01 1.00000000e+00 1.87080556e-02
  4.74091433e-01]
 [1.37000000e+02 1.10000000e+01 1.00000000e+00 1.87080556e-02
  4.74091433e-01]
 [1.39000000e+02 1.10000000e+01 1.00000000e+00 1.87080556e-02
  4.74091433e-01]
 [1.25000000e+02 7.00000000e+00 1.00000000e+00 1.04254753e-01
  4.74091433e-01]
 [1.23000000e+02 7.00000000e+00 1.00000000e+00 1.04254753e-01
  4.74091433e-01]
 [1.23000000e+02 6.00000000e+00 1.00000000e+00 1.04254753e-01
  4.74091433e-01]
 [1.37000000e+02 1.20000000e+01 1.00000000e+00 1.87080556e-02
  4.74091433e-01]
 [1.40000000e+02 1.00000000e+01 1.00000000e+00 1.87080556e-02
  4.74091433e-01]
 [1.37000000e+02 9.00000000e+00 1.00000000e+00 1.87080556e-02
  4.74091433e-01]
 [1.40000000e+02 1.20000000e+01 1.00000000e+00 1.87080556e-02
  4.74091433e-01]
 [1.40000000e+02 1.20000000e+01 1.00000000e+00 1.87080556e-02
  4.74091433e-01]
 [1.40000000e+02 1.20000000e+01 1.00000000e+00 1.87080556e-02
  4.69995670e-01]
 [1.29000000e+02 1.20000000e+01 1.00000000e+00 1.87080556e-02
  4.74091433e-01]
 [1.29000000e+02 1.20000000e+01 1.00000000e+00 1.87080556e-02
  4.74091433e-01]
 [1.29000000e+02 1.20000000e+01 1.00000000e+00 1.87080556e-02
  4.74091433e-01]][   2.    2.    2.    2.    2.    2. -114. -114. -114. -114. -152. -152.
 -152. -152. -152. -152. -152. -152. -152. -154.][ 0  5  6  7 13 12 10  1  8  9 18 11 14 15  4  3  2 17 19 16]/n[[1.37000000e+02 1.10000000e+01 1.00000000e+00 1.87080556e-02
  4.74091433e-01]
 [1.37000000e+02 1.10000000e+01 1.00000000e+00 1.87080556e-02
  4.74091433e-01]
 [1.37000000e+02 1.10000000e+01 1.00000000e+00 1.87080556e-02
  4.74091433e-01]
 [1.39000000e+02 1.10000000e+01 1.00000000e+00 1.87080556e-02
  4.74091433e-01]
 [1.37000000e+02 9.00000000e+00 1.00000000e+00 1.87080556e-02
  4.74091433e-01]
 [1.37000000e+02 1.20000000e+01 4.00000000e+00 1.87080556e-02
  4.74091433e-01]
 [1.37000000e+02 1.80000000e+01 1.00000000e+00 1.87080556e-02
  4.74091433e-01]
 [1.37000000e+02 1.10000000e+01 8.00000000e+00 1.87080556e-02
  4.74091433e-01]
 [1.37000000e+02 1.10000000e+01 1.00000000e+00 1.87080556e-02
  4.74091433e-01]
 [1.37000000e+02 1.10000000e+01 1.00000000e+00 1.87080556e-02
  4.60751824e-01]
 [1.36000000e+02 1.10000000e+01 1.00000000e+00 1.87080556e-02
  4.61225258e-01]
 [1.37000000e+02 1.10000000e+01 1.00000000e+00 1.87080556e-02
  4.74091433e-01]
 [1.37000000e+02 1.10000000e+01 1.00000000e+00 1.87080556e-02
  4.74091433e-01]
 [1.48000000e+02 1.20000000e+01 1.00000000e+00 3.17535544e-02
  4.74091433e-01]
 [1.39000000e+02 1.10000000e+01 1.00000000e+00 1.87080556e-02
  4.74091433e-01]
 [1.41000000e+02 1.10000000e+01 1.00000000e+00 1.87080556e-02
  4.81239338e-01]
 [1.31000000e+02 1.10000000e+01 1.00000000e+00 1.87080556e-02
  4.74091433e-01]
 [1.37000000e+02 9.00000000e+00 1.00000000e+00 1.87080556e-02
  3.67210059e-01]
 [1.37000000e+02 9.00000000e+00 1.00000000e+00 1.87080556e-02
  4.74091433e-01]
 [1.37000000e+02 9.00000000e+00 1.00000000e+00 1.87080556e-02
  4.74091433e-01]][    3.     2.     2.     2.     2.     2.     2.     2.     2.     2.
     2.     2.     2.     2.     2.     2.     2.  -190.  -522. -1122.][13 19 10  1  2  3  4  8 18  9 11 12 14 15 16 17  0  6  5  7]/n[[1.48000000e+02 1.20000000e+01 1.00000000e+00 3.17535544e-02
  4.74091433e-01]
 [1.37000000e+02 9.00000000e+00 1.00000000e+00 1.87080556e-02
  4.74091433e-01]
 [1.36000000e+02 1.10000000e+01 1.00000000e+00 1.87080556e-02
  4.61225258e-01]
 [1.37000000e+02 1.10000000e+01 1.00000000e+00 1.87080556e-02
  4.74091433e-01]
 [1.37000000e+02 1.10000000e+01 1.00000000e+00 1.87080556e-02
  4.74091433e-01]
 [1.48000000e+02 1.20000000e+01 1.00000000e+00 3.17535544e-02
  4.74091433e-01]
 [1.48000000e+02 1.20000000e+01 1.00000000e+00 4.66557789e-02
  4.74091433e-01]
 [1.48000000e+02 1.20000000e+01 1.00000000e+00 3.17535544e-02
  4.74091433e-01]
 [1.25000000e+02 9.00000000e+00 1.00000000e+00 1.87080556e-02
  4.74091433e-01]
 [1.40000000e+02 9.00000000e+00 1.10000000e+01 1.87080556e-02
  4.74091433e-01]
 [1.37000000e+02 9.00000000e+00 4.00000000e+00 1.87080556e-02
  4.74091433e-01]
 [1.36000000e+02 1.10000000e+01 1.00000000e+00 7.99617819e-02
  4.42116613e-01]
 [1.36000000e+02 1.10000000e+01 1.00000000e+00 1.87080556e-02
  4.61225258e-01]
 [1.34000000e+02 1.10000000e+01 1.00000000e+00 1.87080556e-02
  4.61225258e-01]
 [1.37000000e+02 1.10000000e+01 1.00000000e+00 2.15809235e-02
  4.74091433e-01]
 [1.37000000e+02 1.10000000e+01 1.00000000e+00 1.87080556e-02
  3.93364018e-01]
 [1.37000000e+02 1.10000000e+01 1.00000000e+00 1.87080556e-02
  4.74091433e-01]
 [1.37000000e+02 1.10000000e+01 1.00000000e+00 1.87080556e-02
  4.74091433e-01]
 [1.37000000e+02 1.10000000e+01 1.00000000e+00 1.87080556e-02
  4.24655940e-01]
 [1.38000000e+02 1.10000000e+01 1.00000000e+00 5.01149374e-02
  4.74091433e-01]][    7.     3.     3.     3.     2.     2.     2.     2.     2.     2.
     2.     2.     2.     2.   -43.   -47.  -140.  -153.  -485. -1394.][11  0  5  7 17 16  1 14 13 12  2  3  8  4 19  6 18 15 10  9]/n[[1.36000000e+02 1.10000000e+01 1.00000000e+00 7.99617819e-02
  4.42116613e-01]
 [1.48000000e+02 1.20000000e+01 1.00000000e+00 3.17535544e-02
  4.74091433e-01]
 [1.48000000e+02 1.20000000e+01 1.00000000e+00 3.17535544e-02
  4.74091433e-01]
 [1.48000000e+02 1.20000000e+01 1.00000000e+00 3.17535544e-02
  4.74091433e-01]
 [1.37000000e+02 1.10000000e+01 1.00000000e+00 1.87080556e-02
  4.74091433e-01]
 [1.36000000e+02 1.10000000e+01 1.00000000e+00 7.99617819e-02
  4.42116613e-01]
 [1.36000000e+02 1.40000000e+01 1.00000000e+00 7.99617819e-02
  4.42116613e-01]
 [1.36000000e+02 1.10000000e+01 1.00000000e+00 7.99617819e-02
  4.42116613e-01]
 [1.48000000e+02 1.20000000e+01 1.00000000e+00 7.07215044e-02
  4.74091433e-01]
 [1.48000000e+02 1.20000000e+01 1.00000000e+00 3.17535544e-02
  4.74091433e-01]
 [1.39000000e+02 1.30000000e+01 1.00000000e+00 3.17535544e-02
  4.74091433e-01]
 [1.48000000e+02 1.20000000e+01 1.00000000e+00 3.17535544e-02
  4.74091433e-01]
 [1.33000000e+02 1.20000000e+01 1.00000000e+00 3.17535544e-02
  4.74091433e-01]
 [1.67000000e+02 1.20000000e+01 1.00000000e+00 3.17535544e-02
  4.74091433e-01]
 [1.65000000e+02 1.20000000e+01 1.00000000e+00 3.17535544e-02
  4.74091433e-01]
 [1.48000000e+02 1.20000000e+01 1.00000000e+00 3.17535544e-02
  4.74091433e-01]
 [1.48000000e+02 1.20000000e+01 1.00000000e+00 3.17535544e-02
  4.74091433e-01]
 [1.37000000e+02 1.10000000e+01 1.00000000e+00 1.87080556e-02
  4.74091433e-01]
 [1.37000000e+02 1.10000000e+01 1.00000000e+00 1.87080556e-02
  4.74091433e-01]
 [1.27000000e+02 1.10000000e+01 1.00000000e+00 1.87080556e-02
  4.74091433e-01]][   7.    7.    7.    7.    3.    3.    3.    3.    3.    3.    3.    3.
    3.    3.    2.    2.    2.    2. -174. -190.][ 0  5  7  8 11  1  2  3  9 12 13 14 15 16 18  4 17 19 10  6]/n[[1.36000000e+02 1.10000000e+01 1.00000000e+00 7.99617819e-02
  4.42116613e-01]
 [1.36000000e+02 1.10000000e+01 1.00000000e+00 7.99617819e-02
  4.42116613e-01]
 [1.36000000e+02 1.10000000e+01 1.00000000e+00 7.99617819e-02
  4.42116613e-01]
 [1.48000000e+02 1.20000000e+01 1.00000000e+00 7.07215044e-02
  4.74091433e-01]
 [1.48000000e+02 1.20000000e+01 1.00000000e+00 3.17535544e-02
  4.74091433e-01]
 [1.37000000e+02 1.10000000e+01 1.00000000e+00 7.99617819e-02
  4.42116613e-01]
 [1.34000000e+02 1.10000000e+01 1.00000000e+00 7.99617819e-02
  4.42116613e-01]
 [1.36000000e+02 1.10000000e+01 1.00000000e+00 7.99617819e-02
  4.42116613e-01]
 [1.36000000e+02 1.10000000e+01 1.00000000e+00 7.99617819e-02
  4.42116613e-01]
 [1.36000000e+02 1.10000000e+01 1.00000000e+00 7.99617819e-02
  4.42116613e-01]
 [1.36000000e+02 1.10000000e+01 1.00000000e+00 7.99617819e-02
  4.42116613e-01]
 [1.34000000e+02 1.10000000e+01 1.00000000e+00 7.99617819e-02
  4.78592136e-01]
 [1.36000000e+02 1.10000000e+01 1.00000000e+00 3.80836892e-02
  4.42116613e-01]
 [1.36000000e+02 1.10000000e+01 1.00000000e+00 7.99617819e-02
  4.42116613e-01]
 [1.48000000e+02 1.20000000e+01 1.00000000e+00 7.07215044e-02
  4.74091433e-01]
 [1.48000000e+02 1.20000000e+01 1.00000000e+00 1.25749893e-01
  4.74091433e-01]
 [1.48000000e+02 1.20000000e+01 1.00000000e+00 7.07215044e-02
  4.74091433e-01]
 [1.48000000e+02 1.20000000e+01 1.00000000e+00 3.17535544e-02
  4.74091433e-01]
 [1.48000000e+02 1.20000000e+01 1.00000000e+00 3.17535544e-02
  4.74091433e-01]
 [1.37000000e+02 1.20000000e+01 2.00000000e+00 3.17535544e-02
  4.74091433e-01]][   7.    7.    7.    7.    7.    7.    7.    7.    7.    7.    7.    7.
    7.    7.    4.    3.    3.    3. -119. -178.][ 9 10  1  2  3  5  6  7  8  0 11 13 14 16 12 18  4 17 15 19]/n[[1.36000000e+02 1.10000000e+01 1.00000000e+00 7.99617819e-02
  4.42116613e-01]
 [1.36000000e+02 1.10000000e+01 1.00000000e+00 7.99617819e-02
  4.42116613e-01]
 [1.36000000e+02 1.10000000e+01 1.00000000e+00 7.99617819e-02
  4.42116613e-01]
 [1.36000000e+02 1.10000000e+01 1.00000000e+00 7.99617819e-02
  4.42116613e-01]
 [1.48000000e+02 1.20000000e+01 1.00000000e+00 7.07215044e-02
  4.74091433e-01]
 [1.23000000e+02 1.10000000e+01 1.00000000e+00 7.99617819e-02
  4.42116613e-01]
 [1.36000000e+02 1.10000000e+01 1.00000000e+00 7.99617819e-02
  4.42116613e-01]
 [1.41000000e+02 1.10000000e+01 1.00000000e+00 7.99617819e-02
  4.42116613e-01]
 [1.36000000e+02 1.10000000e+01 1.00000000e+00 7.99617819e-02
  4.42116613e-01]
 [1.36000000e+02 1.10000000e+01 1.00000000e+00 7.99617819e-02
  4.66336615e-01]
 [1.36000000e+02 1.10000000e+01 1.00000000e+00 7.99617819e-02
  4.42116613e-01]
 [1.36000000e+02 1.50000000e+01 1.00000000e+00 4.98979851e-02
  4.42116613e-01]
 [1.36000000e+02 1.10000000e+01 1.00000000e+00 7.99617819e-02
  4.67472989e-01]
 [1.36000000e+02 1.10000000e+01 1.00000000e+00 7.99617819e-02
  4.42116613e-01]
 [1.36000000e+02 1.10000000e+01 1.00000000e+00 7.99617819e-02
  4.42116613e-01]
 [1.36000000e+02 1.10000000e+01 1.00000000e+00 7.99617819e-02
  4.42116613e-01]
 [1.36000000e+02 1.10000000e+01 1.00000000e+00 7.99617819e-02
  4.42116613e-01]
 [1.48000000e+02 1.00000000e+01 1.00000000e+00 7.07215044e-02
  4.74091433e-01]
 [1.48000000e+02 1.20000000e+01 1.00000000e+00 7.07215044e-02
  4.74091433e-01]
 [1.48000000e+02 9.00000000e+00 1.00000000e+00 7.07215044e-02
  4.74091433e-01]][   7.    7.    7.    7.    7.    7.    7.    7.    7.    7.    7.    7.
    7.    7.    7.    7.    7.    7.    7. -248.][19 18  1  2  3  4  5  6  7  8  9 10 12 13 14 15 16 17  0 11]/n